------- test 1 [length 2 bytes] ----
1
My output:
1 3 2
------- test 2 [length 2 bytes] ----
3
My output:
3 5 6 4 2 1 3 5 7 6 4 2 3 5 4
------- test 3 [length 2 bytes] ----
4
My output:
4 6 7 5 3 2 4 6 8 9 7 5 3 1 2 4 6 8 7 5
3 4 6 5
------- test 4 [length 2 bytes] ----
5
My output:
5 7 8 6 4 3 5 7 9 10 8 6 4 2 1 3 5 7 9 11
10 8 6 4 2 3 5 7 9 8 6 4 5 7 6
------- test 5 [length 2 bytes] ----
7
My output:
7 9 10 8 6 5 7 9 11 12 10 8 6 4 3 5 7 9 11 13
14 12 10 8 6 4 2 1 3 5 7 9 11 13 15 14 12 10 8 6
4 2 3 5 7 9 11 13 12 10 8 6 4 5 7 9 11 10 8 6
7 9 8
------- test 6 [length 2 bytes] ----
8
My output:
8 10 11 9 7 6 8 10 12 13 11 9 7 5 4 6 8 10 12 14
15 13 11 9 7 5 3 2 4 6 8 10 12 14 16 17 15 13 11 9
7 5 3 1 2 4 6 8 10 12 14 16 15 13 11 9 7 5 3 4
6 8 10 12 14 13 11 9 7 5 6 8 10 12 11 9 7 8 10 9
------- test 7 [length 2 bytes] ----
9
My output:
9 11 12 10 8 7 9 11 13 14 12 10 8 6 5 7 9 11 13 15
16 14 12 10 8 6 4 3 5 7 9 11 13 15 17 18 16 14 12 10
8 6 4 2 1 3 5 7 9 11 13 15 17 19 18 16 14 12 10 8
6 4 2 3 5 7 9 11 13 15 17 16 14 12 10 8 6 4 5 7
9 11 13 15 14 12 10 8 6 7 9 11 13 12 10 8 9 11 10
------- test 8 [length 3 bytes] ----
10
My output:
10 12 13 11 9 8 10 12 14 15 13 11 9 7 6 8 10 12 14 16
17 15 13 11 9 7 5 4 6 8 10 12 14 16 18 19 17 15 13 11
9 7 5 3 2 4 6 8 10 12 14 16 18 20 21 19 17 15 13 11
9 7 5 3 1 2 4 6 8 10 12 14 16 18 20 19 17 15 13 11
9 7 5 3 4 6 8 10 12 14 16 18 17 15 13 11 9 7 5 6
8 10 12 14 16 15 13 11 9 7 8 10 12 14 13 11 9 10 12 11
------- test 9 [length 3 bytes] ----
11
My output:
11 13 14 12 10 9 11 13 15 16 14 12 10 8 7 9 11 13 15 17
18 16 14 12 10 8 6 5 7 9 11 13 15 17 19 20 18 16 14 12
10 8 6 4 3 5 7 9 11 13 15 17 19 21 22 20 18 16 14 12
10 8 6 4 2 1 3 5 7 9 11 13 15 17 19 21 23 22 20 18
16 14 12 10 8 6 4 2 3 5 7 9 11 13 15 17 19 21 20 18
16 14 12 10 8 6 4 5 7 9 11 13 15 17 19 18 16 14 12 10
8 6 7 9 11 13 15 17 16 14 12 10 8 9 11 13 15 14 12 10
11 13 12

------- test 10 [length 3 bytes] ----
12
My output:
12 14 15 13 11 10 12 14 16 17 15 13 11 9 8 10 12 14 16 18
19 17 15 13 11 9 7 6 8 10 12 14 16 18 20 21 19 17 15 13
11 9 7 5 4 6 8 10 12 14 16 18 20 22 23 21 19 17 15 13
11 9 7 5 3 2 4 6 8 10 12 14 16 18 20 22 24 25 23 21
19 17 15 13 11 9 7 5 3 1 2 4 6 8 10 12 14 16 18 20
22 24 23 21 19 17 15 13 11 9 7 5 3 4 6 8 10 12 14 16
18 20 22 21 19 17 15 13 11 9 7 5 6 8 10 12 14 16 18 20
19 17 15 13 11 9 7 8 10 12 14 16 18 17 15 13 11 9 10 12
14 16 15 13 11 12 14 13
